x:  (7.894, 1.6524164164164377)
y:  (0.445, 5.7206956956956905)
z:  (-39.026, 1.8992232232232353)